YAL001C	807	407	400	989	497	492	1030	518	512	0.81	1.23	0.78	1.28
YAL002W	3358	485	2873	3787	803	2984	3947	837	3110	0.96	1.04	0.92	1.08
YAL003W	6380	470	5910	8672	539	8133	9039	561	8478	0.73	1.38	0.7	1.43
YAL004W	452	13673	24719	691	24028	25767	720	25047	0.57	1.76	0.55	1.83	0.56
YAL005C	13435	499	12936	21831	621	21210	22756	647	22109	0.61	1.64	0.59	1.71
YAL007C	491	4224	6182	749	5433	6444	780	5664	0.78	1.29	0.75	1.34	0.8
YAL008W	3096	437	2659	3176	529	2647	3310	551	2759	1	1	0.96	1.04
YAL009W	2713	442	2271	2673	724	1949	2786	754	2032	1.17	0.86	1.12	0.89
YAL010C	1867	526	1341	1788	575	1213	1863	599	1264	1.11	0.9	1.06	0.94
YAL011W	2469	471	1998	2922	764	2158	3045	796	2249	0.93	1.08	0.89	1.13
YAL012W	3430	491	2939	4357	652	3705	4541	679	3862	0.79	1.26	0.76	1.31
YAL013W	1611	468	1143	2271	818	1453	2367	852	1515	0.79	1.27	0.75	1.33
YAL014C	971	391	580	793	273	520	826	284	542	1.12	0.9	1.07	0.93
YAL015C	1394	417	977	1085	269	816	1131	280	851	1.2	0.84	1.15	0.87
YAL016W	3425	384	3041	2407	316	2091	2509	329	2180	1.45	0.69	1.39	0.72
YAL017W	614	402	212	447	261	186	465	272	193	1.14	0.88	1.1	0.91
YAL018C	386	694	773	301	472	805	313	492	1.47	0.68	1.41	0.71	1
YAL019W	2514	402	2112	2650	298	2352	2762	310	2452	0.9	1.11	0.86	1.16
YAL020C	1151	413	738	858	279	579	894	290	604	1.27	0.78	1.22	0.82
YAL021C	2784	410	2374	2599	269	2330	2709	280	2429	1.02	0.98	0.98	1.02
YAL022C	1983	400	1583	1456	284	1172	1517	296	1221	1.35	0.74	1.3	0.77
YAL023C	6273	425	5848	4838	282	4556	5043	293	4750	1.28	0.78	1.23	0.81
YAL024C	1222	427	795	874	300	574	911	312	599	1.39	0.72	1.33	0.75
YAL025C	2741	429	2312	2943	285	2658	3067	297	2770	0.87	1.15	0.83	1.2
YAL026C	2304	470	1834	2585	813	1772	2694	847	1847	1.03	0.97	0.99	1.01
YAL027W	489	1103	1806	858	948	1882	894	988	1.16	0.86	1.12	0.9	1
YAL028AW	508	1097	1888	891	997	1968	928	1040	1.1	0.91	1.05	0.95	1
YAL028W	533	6322	8223	928	7295	8571	967	7604	0.87	1.15	0.83	1.2	0.88
YAL029C	2706	462	2244	3553	850	2703	3703	886	2817	0.83	1.2	0.8	1.26
YAL030W	3293	504	2789	5065	937	4128	5279	976	4303	0.68	1.48	0.65	1.54
YAL031C	1730	483	1247	2034	860	1174	2120	896	1224	1.06	0.94	1.02	0.98
YAL032C	2389	530	1859	3336	1161	2175	3477	1210	2267	0.85	1.17	0.82	1.22
YAL033W	1830	480	1350	2128	906	1222	2218	944	1274	1.1	0.91	1.06	0.94
YAL034AW	463	1102	2269	709	1560	2365	739	1626	0.71	1.42	0.68	1.48	0.89
YAL034C	811	478	333	1223	885	338	1274	922	352	0.99	1.02	0.95	1.06
YAL035W	11035	486	10549	17891	818	17073	18649	852	17797	0.62	1.62	0.59	1.69
YAL036C	2825	429	2396	2687	310	2377	2800	323	2477	1.01	0.99	0.97	1.03
YAL037W	416	767	883	275	608	920	286	634	1.26	0.79	1.21	0.83	1
YAL038W	6902	446	6456	10353	342	10011	10791	356	10435	0.64	1.55	0.62	1.62
YAL039C	2187	414	1773	2226	270	1956	2320	281	2039	0.91	1.1	0.87	1.15
YAL040C	3791	401	3390	3356	317	3039	3498	330	3168	1.12	0.9	1.07	0.93
YAL041W	3280	431	2849	3479	277	3202	3626	288	3338	0.89	1.12	0.85	1.17
YAL042W	4292	401	3891	4946	288	4658	5155	300	4855	0.84	1.2	0.8	1.25
YAL043C	742	393	349	569	261	308	593	272	321	1.13	0.88	1.09	0.92
YAL044C	6509	467	6042	7626	328	7298	7949	341	7608	0.83	1.21	0.79	1.26
YAL045C	432	1905	1897	302	1595	1977	314	1663	1.19	0.84	1.15	0.87	1
YAL046C	394	791	933	271	662	972	282	690	1.19	0.84	1.15	0.87	1
YAL047C	1311	402	909	948	276	672	988	287	701	1.35	0.74	1.3	0.77
YAL048C	471	375	1502	967	535	1565	1008	557	0.7	1.43	0.67	1.49	1
YAL049C	501	4365	5529	801	4728	5763	834	4929	0.92	1.08	0.89	1.13	0.96
YAL051W	1485	496	989	2124	1027	1097	2214	1070	1144	0.9	1.11	0.86	1.16
YAL053W	529	3979	4767	955	3812	4969	995	3974	1.04	0.96	1	1	1
YAL054C	1539	503	1036	1856	995	861	1934	1037	897	1.2	0.83	1.15	0.87
YAL055W	488	2559	2822	721	2101	2941	751	2190	1.22	0.82	1.17	0.86	1
YAL056W	527	406	1484	1098	386	1546	1144	402	1.05	0.95	1.01	0.99	1
YAL058W	2922	451	2471	3470	672	2798	3617	700	2917	0.88	1.13	0.85	1.18
YAL059W	536	1302	2604	1316	1288	2714	1371	1343	1.01	0.99	0.97	1.03	1
YAL060W	5286	462	4824	6579	811	5768	6857	845	6012	0.84	1.2	0.8	1.25
YAL061W	1783	480	1303	2908	1102	1806	3031	1148	1883	0.72	1.39	0.69	1.45
YAL062W	3969	495	3474	5954	746	5208	6206	777	5429	0.67	1.5	0.64	1.56
YAL063C	410	1233	1245	274	971	1297	285	1012	1.27	0.79	1.22	0.82	1
YAL064W	871	373	498	632	267	365	658	278	380	1.36	0.73	1.31	0.76
YAL065C	389	1172	1089	271	818	1135	282	853	1.43	0.7	1.37	0.73	1
YAL066W	399	412	684	279	405	713	290	423	1.02	0.98	0.97	1.03	1
YAL067C	404	1233	1359	292	1067	1416	304	1112	1.16	0.87	1.11	0.9	1
YAR002AC	401	238	450	266	184	469	277	192	1.29	0.77	1.24	0.81	1
YAR002W	1208	396	812	966	259	707	1006	269	737	1.15	0.87	1.1	0.91
YAR003W	2100	424	1676	1515	287	1228	1579	299	1280	1.36	0.73	1.31	0.76
YAR007C	1860	401	1459	1376	289	1087	1434	301	1133	1.34	0.75	1.29	0.78
YAR008W	945	407	538	756	260	496	788	271	517	1.08	0.92	1.04	0.96
YAR009C	1053	387	666	749	287	462	780	299	481	1.44	0.69	1.38	0.72
YAR010C	6049	414	5635	6903	281	6622	7195	292	6903	0.85	1.18	0.82	1.23
YAR014C	958	453	505	1608	743	865	1676	774	902	0.58	1.71	0.56	1.79
YAR015W	5822	490	5332	6832	755	6077	7121	787	6334	0.88	1.14	0.84	1.19
YAR018C	1424	495	929	1608	831	777	1676	866	810	1.2	0.84	1.15	0.87
YAR019C	2845	441	2404	3268	684	2584	3406	713	2693	0.93	1.07	0.89	1.12
YAR020C	390	577	842	340	502	877	354	523	1.15	0.87	1.1	0.91	1
YAR023C	510	1165	2081	923	1158	2169	962	1207	1.01	0.99	0.97	1.04	1
YAR027W	1472	411	1061	1241	353	888	1293	367	926	1.19	0.84	1.15	0.87
YAR028W	528	915	2294	923	1371	2391	962	1429	0.67	1.5	0.64	1.56	0.88
YAR029W	932	390	542	799	339	460	832	353	479	1.18	0.85	1.13	0.88
YAR030C	464	805	2007	817	1190	2092	851	1241	0.68	1.48	0.65	1.54	0.94
YAR031W	393	1005	1207	345	862	1258	359	899	1.17	0.86	1.12	0.89	1
YAR033W	1466	468	998	1748	751	997	1822	782	1040	1	1	0.96	1.04
YAR035W	3299	405	2894	2589	298	2291	2698	310	2388	1.26	0.79	1.21	0.83
YAR037W	417	1735	1544	265	1279	1609	276	1333	1.36	0.74	1.3	0.77	1.01
YAR040C	421	1664	1494	278	1216	1557	289	1268	1.37	0.73	1.31	0.76	1.01
YAR042W	428	1159	1402	276	1126	1461	287	1174	1.03	0.97	0.99	1.01	1
YAR043C	426	1475	1698	330	1368	1769	343	1426	1.08	0.93	1.03	0.97	1
YAR044W	2442	400	2042	2260	276	1984	2355	287	2068	1.03	0.97	0.99	1.01
YAR047C	416	1311	1464	333	1131	1526	347	1179	1.16	0.86	1.11	0.9	1
YAR050W	2530	389	2141	2104	294	1810	2193	306	1887	1.18	0.85	1.13	0.88
YAR052C	427	1435	1644	327	1317	1713	340	1373	1.09	0.92	1.05	0.96	1
YAR053W	413	847	935	292	643	974	304	670	1.32	0.76	1.26	0.79	1
YAR060C	402	1149	1277	296	981	1331	308	1023	1.17	0.85	1.12	0.89	1
YAR061W	378	580	713	266	447	743	277	466	1.3	0.77	1.24	0.8	1
YAR062W	403	1832	2208	366	1842	2301	381	1920	0.99	1.01	0.95	1.05	1
YAR064W	446	151	968	697	271	1009	726	283	0.56	1.79	0.53	1.87	1
YAR068W	396	884	1063	333	730	1108	347	761	1.21	0.83	1.16	0.86	1
YAR069C	949	4743	8267	1736	6531	8617	1809	6808	0.73	1.38	0.7	1.44	0.74
